?trackname=weexist
?scorefactor=10
002114 _ 0
004205 _ 0
006253 _ 0
008173 _ 0
010135 _ 0
011586 _ 0
012653 _ 0
013634 _ 0
014594 _ 0
015618 _ 0
016621 _ 0
017602 _ 0
018605 _ 0
018818 _ 0
019586 _ 0
019842 _ 0
020098 E 0
020589 _ 0
020823 _ 0
021591 _ 0
021847 _ 0
022082 E 0
022615 _ 0
022829 _ 0
023639 _ 0
023853 _ 0
024066 E 0
024642 _ 0
024855 _ 0
025602 _ 0
025858 _ 0
026114 E 0
026583 _ 0
026797 _ 0
027330 _ 0
028077 _ 0
028333 _ 0
028845 _ 0
029357 _ 0
029570 _ 0
030125 E 0
030317 E 0
030807 E 0
031341 E 0
031575 E 0
032066 _ 0
032322 _ 0
032834 _ 0
033346 _ 0
033581 _ 0
034093 _ 0
034327 _ 0
034861 _ 0
035351 _ 0
035607 _ 0
036119 E 0
036333 E 0
036823 E 0
037335 E 0
037591 E 0
038103 A 0
038317 A 0
038807 A 0
039298 A 0
039554 A 0
040066 F 0
040301 F 0
040834 F 0
041367 F 0
041602 F 0
042114 _ 0
042327 _ 0
042882 _ 0
043095 _ 0
044082 _ 0
044295 _ 0
044871 _ 0
045085 _ 0
045874 _ 0
046130 _ 0
046855 _ 0
047111 _ 0
047858 _ 0
048093 _ 0
048839 _ 0
049074 _ 0
050141 9 0
050333 9 0
051122 8 0
051335 8 0
052103 9 0
052317 9 0
053063 8 0
053298 8 0
054087 9 0
054578 8 0
055069 7 0
055602 6 0
056093 5 0
057053 6 0
058589 _ 0
058802 _ 0
059613 _ 0
059826 _ 0
060594 8 0
060807 8 0
061597 8 0
061810 8 0
062599 _ 0
063581 7 0
064093 8 0
064562 9 0
065053 8 0
065543 7 0
066077 6 0
066589 _ 0
067079 7 0
067591 _ 0
068103 7 0
068594 _ 0
069106 7 0
069575 _ 0
070066 8 0
070599 7 0
071090 6 0
071581 5 0
072093 6 0
072583 7 0
073095 8 0
073543 7 0
074077 _ 0
074311 _ 0
075101 _ 0
075357 _ 0
076082 _ 0
076317 _ 0
077085 _ 0
077362 _ 0
078130 _ 0
078343 _ 0
079111 _ 0
079346 _ 0
080093 _ 0
080327 _ 0
080861 _ 0
081117 _ 0
081330 _ 0
081842 _ 0
082077 _ 0
082290 _ 0
082845 E 0
083101 _ 0
083335 _ 0
083826 E 0
084061 _ 0
084338 _ 0
084871 E 0
085085 _ 0
085341 _ 0
085831 E 0
086087 _ 0
086322 _ 0
086834 E 0
087090 _ 0
087325 _ 0
087858 E 0
088114 _ 0
088327 _ 0
088797 E 0
089074 _ 0
089330 _ 0
089842 E 0
090098 _ 0
090610 _ 0
091122 _ 0
091634 _ 0
091847 E 0
092103 _ 0
092359 _ 0
092829 _ 0
093362 _ 0
093831 _ 0
094066 E 0
094322 _ 0
094877 _ 0
095367 _ 0
095858 _ 0
096071 E 0
096327 _ 0
096861 _ 0
097074 E 0
097330 _ 0
097821 _ 0
098098 E 0
098290 E 0
