?trackname=witheraway
?scorefactor=10
?scrollspeed=5
?bpm=80
?sync=6000
006000 _ 0
007500 _ 0
009000 _ 0
010500 _ 0
012000 _ 0
013500 _ 0
015000 _ 0
016500 _ 0
018000 _ 0
019500 _ 0
021000 _ 0
022500 _ 0
024000 _ 0
030243 _ 0
030819 _ 0
031544 _ 0
032312 _ 0
033080 _ 0
033805 _ 0
034360 _ 0
034616 _ 0
035363 _ 0
036109 _ 0
036771 _ 0
037283 _ 0
037581 _ 0
038349 _ 0
039075 _ 0
039757 _ 0
040291 _ 0
040568 _ 0
041293 _ 0
042019 _ 0
042787 _ 0
043320 _ 0
043597 _ 0
044301 _ 0
045027 _ 0
045837 _ 0
046392 _ 0
046648 _ 0
047352 _ 0
048056 _ 0
048824 _ 0
049357 _ 0
049613 _ 0
050339 _ 0
051085 _ 0
051811 _ 0
052323 _ 0
052600 _ 0
053304 _ 0
054157 9 0
054392 8 0
054627 7 0
054883 6 0
055117 5 0
055395 _ 0
055651 _ 0
055992 9 0
056141 8 0
056355 7 0
056611 6 0
056867 5 0
057123 _ 0
057379 9 0
057592 8 0
057827 7 0
058083 6 0
058360 5 0
058573 _ 0
058829 9 0
059043 8 0
059320 7 0
059576 6 0
059832 5 0
060045 _ 0
060323 9 0
060536 8 0
060813 7 0
061069 6 0
061325 5 0
061560 _ 0
061837 9 0
062093 8 0
062328 7 0
062584 6 0
062861 5 0
063139 _ 0
063373 9 0
063565 8 0
063843 7 0
064077 6 0
064333 5 0
064547 _ 0
064803 9 0
065059 8 0
065315 7 0
065571 6 0
065805 5 0
066083 _ 0
066317 9 0
066573 8 0
066829 7 0
067064 6 0
067320 5 0
067555 _ 0
067811 9 0
068045 8 0
068301 7 0
068557 6 0
068835 5 0
069091 _ 0
069304 9 0
069560 8 0
069795 7 0
070051 6 0
070285 5 0
070563 _ 0
070840 9 0
071053 8 0
071309 7 0
071544 6 0
071821 5 0
072077 _ 0
072312 9 0
072525 8 0
072803 7 0
073037 6 0
073293 5 0
073549 _ 0
073805 9 0
074040 8 0
074296 7 0
074552 6 0
074787 5 0
075043 _ 0
075299 9 0
075533 8 0
075811 7 0
076045 6 0
076323 5 0
076856 _ 0
076984 9 0
077304 8 0
077539 7 0
077795 6 0
078051 _ 0
078477 9 0
078669 9 0
078861 _ 0
079224 9 0
079523 _ 0
079949 E 0
080333 _ 0
080717 9 0
081080 _ 0
081443 E 0
081613 E 0
081827 _ 0
082189 E 0
082573 _ 0
082957 E 0
083320 _ 0
083725 E 0
084067 _ 0
084472 E 0
084643 E 0
084856 _ 0
085240 E 0
085645 F 0
085965 A 0
086328 F 0
086712 A 0
087075 _ 0
087437 E 0
087629 E 0
087843 _ 0
088227 E 0
088568 F 0
088931 A 0
089336 F 0
089677 A 0
090083 _ 0
090467 E 0
090659 E 0
090872 _ 0
091235 E 0
091619 F 0
091960 A 0
092365 F 0
092749 A 0
093112 _ 0
093453 E 0
093645 E 0
093880 _ 0
094243 E 0
094584 F 0
094989 A 0
095373 F 0
095757 A 0
096141 _ 0
096483 E 0
096675 E 0
096888 _ 0
097251 E 0
097592 F 0
097933 A 0
098360 F 0
098744 A 0
099085 _ 0
099448 E 0
099640 E 0
099853 _ 0
100280 E 0
100579 F 0
100984 A 0
101368 F 0
101773 + 0
102157 _ 0
102541 9 0
102861 8 0
103245 7 0
103651 6 0
103992 5 0
104355 _ 0
105165 _ 0
105379 9 0
105613 8 0
105848 7 0
106232 6 0
106595 5 0
107235 9 0
107363 8 0
107640 7 0
107853 6 0
108109 5 0
108899 A 0
109219 _ 0
110008 _ 0
110392 E 0
110733 _ 0
110904 _ 0
111117 _ 0
111501 E 0
111843 _ 0
112269 E 0
112973 E 0
113336 _ 0
113699 E 0
114083 _ 0
114339 9 0
114552 8 0
114808 7 0
115043 6 0
115299 5 0
115747 _ 0
116067 9 0
116323 8 0
116536 7 0
116835 6 0
117112 5 0
118563 9 0
119331 5 0
120099 _ 0
121165 E 0
122275 _ 0
123149 _ 0
123533 E 0
123683 E 0
123896 _ 0
124237 E 0
124621 _ 0
124963 E 0
125133 E 0
125347 F 0
125603 A 0
125837 F 0
126093 _ 0
126307 9 0
126541 8 0
126819 7 0
127096 6 0
127352 5 0
127565 _ 0
127843 9 0
128056 8 0
128312 7 0
128547 6 0
128824 5 0
129037 _ 0
129293 9 0
129549 8 0
129784 7 0
130040 6 0
130317 5 0
130552 _ 0
130808 9 0
131043 8 0
131299 7 0
131533 6 0
131789 5 0
132024 _ 0
132323 9 0
132600 8 0
132856 7 0
133133 6 0
133389 5 0
133603 _ 0
133901 9 0
134115 8 0
134349 7 0
134627 6 0
134883 5 0
135139 _ 0
135437 9 0
135672 8 0
135864 7 0
136120 6 0
136376 5 0
136589 _ 0
136952 9 0
137165 8 0
137379 7 0
137613 6 0
137891 5 0
138083 _ 0
138488 9 0
138659 8 0
138851 7 0
139128 6 0
139363 5 0
139576 _ 0
140003 9 0
140195 8 0
140408 7 0
140643 6 0
140877 5 0
141091 _ 0
141453 9 0
141688 8 0
141901 7 0
142136 6 0
142392 5 0
142563 _ 0
142904 9 0
143096 8 0
143331 7 0
143565 6 0
143821 5 0
144035 _ 0
144461 9 0
144653 8 0
144845 7 0
145101 6 0
145379 5 0
145592 _ 0
145912 9 0
146125 8 0
146339 7 0
146595 6 0
146872 5 0
147107 _ 0
147448 9 0
147661 8 0
147853 7 0
148131 6 0
148387 5 0
148600 _ 0
148963 9 0
149133 8 0
149347 7 0
149603 6 0
149859 5 0
150115 _ 0
150477 9 0
150669 8 0
150861 7 0
151117 6 0
151373 5 0
151608 _ 0
151971 A 0
152333 _ 0
152696 A 0
153080 _ 0
153464 9 0
153656 8 0
153869 7 0
154125 6 0
154381 5 0
154616 _ 0
154957 A 0
155277 _ 0
155704 A 0
156088 _ 0
156493 9 0
156664 8 0
156856 7 0
157112 6 0
157325 5 0
157581 _ 0
157965 9 0
158157 8 0
158349 7 0
158605 6 0
158840 5 0
159096 _ 0
159437 9 0
159629 8 0
159864 7 0
160099 6 0
160397 5 0
160589 _ 0
160952 9 0
161144 8 0
161357 7 0
161613 6 0
161891 5 0
162147 _ 0
162488 E 0
162680 E 0
162808 _ 0
163256 E 0
163640 _ 0
163981 E 0
164152 E 0
164344 A 0
165112 _ 0
165453 E 0
165603 E 0
165816 _ 0
166200 E 0
166563 _ 0
166947 E 0
167139 E 0
167352 A 0
167715 F 0
168077 _ 0
168461 E 0
168632 E 0
168845 _ 0
169208 E 0
169635 _ 0
169976 E 0
170147 E 0
170360 A 0
170787 F 0
171085 _ 0
171448 E 0
171640 E 0
171811 _ 0
172259 E 0
172621 _ 0
172984 E 0
173176 E 0
173347 _ 0
173688 A 0
174093 F 0
174456 _ 0
174819 E 0
175203 _ 0
175608 E 0
175971 _ 0
176333 E 0
176717 _ 0
177101 E 0
177443 _ 0
177827 E 0
178211 _ 0
178595 E 0
179000 _ 0
179192 _ 0
179363 E 0
179747 _ 0
180109 E 0
180472 _ 0
180664 _ 0
180835 E 0
181240 _ 0
181581 E 0
181965 _ 0
182179 _ 0
182328 E 0
182733 _ 0
183075 E 0
183501 _ 0
183672 _ 0
183843 + 0
184227 _ 0
184611 E 0
184973 _ 0
185144 _ 0
185336 E 0
185699 _ 0
186125 _ 0
186573 + 0
186723 + 0
186893 _ 0
187213 + 0
187619 _ 0
187981 + 0
188152 + 0
188344 _ 0
188685 + 0
189112 _ 0
189517 E 0
189859 _ 0
190243 E 0
190563 A 0
190989 E 0
191331 9 0
191693 8 0
192099 _ 0
192483 E 0
192803 _ 0
193229 E 0
193613 _ 0
193976 E 0
194339 9 0
194680 8 0
195043 7 0
195469 6 0
195832 5 0
196195 A 0
196557 _ 0
197411 E 0
198072 + 0
