?trackname=witheraway
?scorefactor=10
006000 _ 0
007500 _ 0
009000 _ 0
010500 _ 0
012000 _ 0
013500 _ 0
015000 _ 0
016500 _ 0
018000 _ 0
019500 _ 0
021000 _ 0
022500 _ 0
024000 _ 0
025500 _ 0
027000 _ 0
028500 _ 0
030000 _ 0
030882 _ 0
031330 _ 0
031629 _ 0
032375 _ 0
032866 _ 0
033143 _ 0
033869 _ 0
034359 _ 0
034615 _ 0
035341 _ 0
035831 _ 0
036109 _ 0
036813 _ 0
037346 _ 0
037581 _ 0
038327 _ 0
038839 _ 0
039095 _ 0
039799 _ 0
040333 _ 0
040589 _ 0
041101 _ 0
041378 9 0
041591 9 0
041805 9 0
042039 _ 0
042743 9 0
042999 _ 0
043298 _ 0
043533 _ 0
044279 9 0
044535 _ 0
044791 _ 0
045047 _ 0
045730 9 0
045986 _ 0
046263 _ 0
046541 _ 0
047181 9 0
047458 _ 0
047735 _ 0
048077 _ 0
048759 + 0
049079 _ 0
049335 _ 0
049613 _ 0
050295 + 0
050530 _ 0
050829 _ 0
051085 _ 0
051746 + 0
052023 _ 0
052279 _ 0
052557 _ 0
053197 + 0
053495 _ 0
053730 _ 0
054114 _ 0
054349 9 0
054583 8 0
054818 7 0
055031 6 0
055330 5 0
055586 _ 0
055799 9 0
056055 8 0
056269 7 0
056525 6 0
056802 5 0
057037 _ 0
057293 9 0
057549 8 0
057783 7 0
058018 6 0
058274 5 0
058551 _ 0
058807 9 0
059042 8 0
059277 7 0
059511 6 0
059789 5 0
060045 _ 0
060301 9 0
060407 8 0
060557 7 0
060791 6 0
061069 _ 0
061346 _ 0
061581 _ 0
061837 9 0
061922 8 0
062071 7 0
062327 6 0
062605 5 0
062861 _ 0
063117 _ 0
063330 9 0
063458 8 0
063586 7 0
063821 6 0
064119 5 0
064311 _ 0
064589 _ 0
064823 9 0
064951 8 0
065101 7 0
065335 6 0
065591 5 0
065826 _ 0
066061 _ 0
066317 9 0
066466 8 0
066573 7 0
066829 6 0
067085 5 0
067319 _ 0
067597 _ 0
067810 9 0
067959 8 0
068066 7 0
068322 6 0
068578 5 0
068791 _ 0
069090 _ 0
069325 9 0
069453 8 0
069581 7 0
069858 6 0
070071 5 0
070327 _ 0
070583 _ 0
070818 9 0
070946 8 0
071074 7 0
071330 6 0
071565 5 0
071821 _ 0
072077 _ 0
072311 9 0
072439 8 0
072589 7 0
072845 6 0
073079 5 0
073357 _ 0
073634 _ 0
073869 9 0
073975 8 0
074103 7 0
074359 6 0
074551 5 0
074829 _ 0
075085 _ 0
075319 9 0
075447 8 0
075554 7 0
075810 6 0
076087 5 0
076322 _ 0
076599 _ 0
076834 9 0
076962 8 0
077069 7 0
077346 6 0
077559 5 0
077815 _ 0
078093 _ 0
078391 9 0
078583 9 0
078818 _ 0
079181 8 0
079565 _ 0
079927 9 0
080098 9 0
080290 _ 0
080717 8 0
080866 7 0
081079 6 0
081442 _ 0
081634 9 0
081869 _ 0
082103 8 0
082338 8 0
082530 7 0
082935 _ 0
083085 9 0
083277 8 0
083533 7 0
083789 6 0
084023 _ 0
084407 9 0
084578 8 0
084834 7 0
085069 6 0
085367 5 0
085559 _ 0
085986 9 0
086135 8 0
086306 7 0
086519 6 0
086818 5 0
087053 A 0
087415 _ 0
087607 _ 0
087799 9 0
088013 8 0
088269 7 0
088525 6 0
088738 _ 0
089015 9 0
089271 8 0
089527 7 0
089762 6 0
089997 5 0
090210 _ 0
090487 9 0
090722 8 0
091021 7 0
091277 6 0
091511 5 0
091746 _ 0
092045 9 0
092279 8 0
092599 7 0
092813 6 0
093090 _ 0
093453 9 0
093623 8 0
093794 7 0
094050 6 0
094285 5 0
094541 _ 0
094903 9 0
095095 8 0
095287 7 0
095522 6 0
095757 5 0
096034 _ 0
096418 9 0
096589 8 0
096781 7 0
097037 6 0
097293 5 0
097591 _ 0
097783 9 0
097933 8 0
098103 7 0
098317 6 0
098530 5 0
098658 _ 0
099170 _ 0
099447 9 0
099597 8 0
099767 7 0
100002 6 0
100279 5 0
100450 _ 0
100706 _ 0
101005 9 0
101111 8 0
101325 7 0
101517 6 0
101751 5 0
101901 _ 0
102135 _ 0
102349 9 0
102519 8 0
102754 7 0
103031 6 0
103287 5 0
103543 _ 0
103949 9 0
104119 8 0
104290 7 0
104546 6 0
104781 5 0
105079 _ 0
105463 9 0
105634 8 0
105826 7 0
105997 6 0
106210 5 0
106359 _ 0
106594 _ 0
106807 9 0
106978 8 0
107149 7 0
107341 6 0
107575 5 0
107725 _ 0
107938 _ 0
108109 _ 0
108301 9 0
108450 8 0
108685 7 0
108855 6 0
109026 5 0
109175 _ 0
109410 _ 0
109581 _ 0
109794 9 0
109965 8 0
110114 7 0
110327 6 0
110583 5 0
110711 _ 0
110925 _ 0
111181 _ 0
111309 9 0
111458 8 0
111629 7 0
111842 6 0
112034 5 0
112162 _ 0
112375 _ 0
112589 9 0
112781 8 0
112930 7 0
113143 6 0
113335 5 0
113506 _ 0
113741 _ 0
113933 _ 0
114317 _ 0
114722 _ 0
114914 _ 0
115255 _ 0
115853 _ 0
116023 _ 0
116343 _ 0
116749 _ 0
117303 _ 0
117495 _ 0
117858 _ 0
118221 _ 0
118839 _ 0
119010 _ 0
119351 _ 0
119757 _ 0
120119 _ 0
120290 _ 0
120439 9 0
120631 8 0
120823 7 0
121037 6 0
121229 5 0
121399 _ 0
121613 _ 0
121783 _ 0
122039 9 0
122189 8 0
122338 7 0
122530 6 0
122722 5 0
122893 _ 0
123127 _ 0
123277 _ 0
123405 9 0
123554 8 0
123789 7 0
123981 6 0
124173 5 0
124386 _ 0
124578 _ 0
124749 9 0
124983 8 0
125133 7 0
125325 6 0
125559 5 0
125709 _ 0
125901 _ 0
126114 _ 0
126285 9 0
126583 8 0
126775 7 0
127181 6 0
127586 _ 0
128205 9 0
128311 8 0
128674 7 0
129058 6 0
129634 9 0
129805 8 0
130189 7 0
130573 6 0
130829 9 0
130957 8 0
131149 7 0
131362 6 0
131746 6 0
131746 5 0
132109 _ 0
132279 9 0
132429 8 0
132557 7 0
132749 6 0
132962 5 0
133197 _ 0
133410 _ 0
133602 _ 0
133751 9 0
133922 8 0
134093 7 0
134263 6 0
134434 5 0
134690 _ 0
134903 _ 0
135095 _ 0
135266 9 0
135437 8 0
135565 7 0
135778 6 0
135949 5 0
136183 _ 0
136397 _ 0
136589 _ 0
136759 9 0
136951 8 0
137079 7 0
137314 6 0
137506 5 0
137677 _ 0
137911 _ 0
138082 _ 0
138253 9 0
138445 8 0
138615 7 0
138829 6 0
139042 5 0
139191 _ 0
139405 _ 0
139575 _ 0
139767 9 0
139938 8 0
140109 7 0
140301 6 0
140535 5 0
140663 _ 0
140855 _ 0
141090 _ 0
141282 9 0
141431 8 0
141623 7 0
141837 6 0
142093 5 0
142242 _ 0
142455 _ 0
142626 _ 0
142839 9 0
142989 8 0
143159 7 0
143351 6 0
143565 5 0
143671 _ 0
143885 _ 0
144077 _ 0
144247 9 0
144418 8 0
144546 7 0
144738 6 0
144973 5 0
145207 _ 0
145399 _ 0
145591 _ 0
145741 9 0
145933 8 0
146082 7 0
146295 6 0
146487 5 0
146637 _ 0
146871 _ 0
147063 _ 0
147277 9 0
147426 8 0
147575 7 0
147789 6 0
148023 5 0
148173 _ 0
148407 _ 0
148578 _ 0
148749 9 0
148919 8 0
149090 7 0
149261 6 0
149538 5 0
149687 _ 0
149901 _ 0
150093 _ 0
150242 9 0
150477 8 0
150647 7 0
150818 6 0
151053 5 0
151309 _ 0
151565 _ 0
151927 9 0
152098 8 0
152311 7 0
152525 6 0
152738 5 0
152994 _ 0
153421 9 0
153613 8 0
153783 7 0
153997 6 0
154253 5 0
154509 _ 0
154871 A 0
155277 _ 0
155725 A 0
156087 _ 0
156301 9 0
156471 8 0
156621 7 0
156834 6 0
157069 5 0
157303 _ 0
157623 _ 0
157943 9 0
158135 8 0
158306 7 0
158519 6 0
158775 5 0
159053 _ 0
159458 9 0
159629 8 0
159799 7 0
159970 6 0
160226 5 0
160375 _ 0
160589 _ 0
160973 9 0
161122 8 0
161271 7 0
161463 6 0
161719 5 0
161869 _ 0
162082 _ 0
162466 9 0
162637 8 0
162829 7 0
163042 6 0
163255 5 0
163405 _ 0
163618 _ 0
163981 9 0
164151 8 0
164301 7 0
164493 6 0
164749 5 0
164898 _ 0
165090 _ 0
165474 9 0
165623 8 0
165815 7 0
165986 6 0
166221 5 0
166391 _ 0
166626 _ 0
166989 9 0
167138 8 0
167309 7 0
167458 6 0
167714 5 0
168077 _ 0
168823 9 0
169549 _ 0
170274 8 0
170978 7 0
171767 6 0
172151 5 0
172557 7 0
172919 8 0
173303 9 0
173709 7 0
174114 _ 0
174498 9 0
174818 8 0
175223 7 0
175543 6 0
175949 5 0
176333 5 0
177079 _ 0
177442 9 0
177805 8 0
178167 7 0
178551 6 0
178957 5 0
179319 _ 0
179703 A 0
180471 A 0
181239 F 0
181986 A 0
182711 9 0
183074 8 0
183501 9 0
183821 8 0
184205 9 0
184845 6 0
185229 9 0
185698 8 0
186082 7 0
186487 9 0
186807 6 0
187191 9 0
187618 6 0
187981 9 0
188322 8 0
188706 9 0
189069 _ 0
189431 A 0
189773 _ 0
190178 A 0
190541 6 0
190925 7 0
191287 _ 0
191629 A 0
192055 F 0
192439 A 0
192866 F 0
193165 A 0
193527 8 0
193954 A 0
194338 8 0
194722 A 0
195042 7 0
195447 A 0
195831 7 0
196173 A 0
196535 9 0
197346 5 0
197687 7 0
198093 + 0
